belief network "unknown"
node winner {
  type : discrete [ 2 ] = { "home", "not home" };
}
node home_gk {
  type : discrete [ 6 ] = { "bad", "excellent", "good", "mediocre", "terrible", "very good" };
}
node home_def {
  type : discrete [ 6 ] = { "bad", "excellent", "good", "mediocre", "terrible", "very good" };
}
node home_mid {
  type : discrete [ 6 ] = { "bad", "excellent", "good", "mediocre", "terrible", "very good" };
}
node home_atk {
  type : discrete [ 6 ] = { "bad", "excellent", "good", "mediocre", "terrible", "very good" };
}
node away_gk {
  type : discrete [ 6 ] = { "bad", "excellent", "good", "mediocre", "terrible", "very good" };
}
node away_def {
  type : discrete [ 6 ] = { "bad", "excellent", "good", "mediocre", "terrible", "very good" };
}
node away_mid {
  type : discrete [ 6 ] = { "bad", "excellent", "good", "mediocre", "terrible", "very good" };
}
node away_atk {
  type : discrete [ 6 ] = { "bad", "excellent", "good", "mediocre", "terrible", "very good" };
}
probability ( winner | home_mid, away_mid ) {
  (0, 0) : 0.4392655, 0.5607345;
  (1, 0) : 0.7361702, 0.2638298;
  (2, 0) : 0.5609756, 0.4390244;
  (3, 0) : 0.5221519, 0.4778481;
  (4, 0) : 0.3551797, 0.6448203;
  (5, 0) : 0.6746575, 0.3253425;
  (0, 1) : 0.1848739, 0.8151261;
  (1, 1) : 0.4806409, 0.5193591;
  (2, 1) : 0.2213439, 0.7786561;
  (3, 1) : 0.2254545, 0.7745455;
  (4, 1) : 0.07692308, 0.92307692;
  (5, 1) : 0.2922438, 0.7077562;
  (0, 2) : 0.304878, 0.695122;
  (1, 2) : 0.7115044, 0.2884956;
  (2, 2) : 0.4351351, 0.5648649;
  (3, 2) : 0.3974359, 0.6025641;
  (4, 2) : 0.2328767, 0.7671233;
  (5, 2) : 0.5061983, 0.4938017;
  (0, 3) : 0.3647799, 0.6352201;
  (1, 3) : 0.6877323, 0.3122677;
  (2, 3) : 0.4331797, 0.5668203;
  (3, 3) : 0.4450867, 0.5549133;
  (4, 3) : 0.1729323, 0.8270677;
  (5, 3) : 0.5227273, 0.4772727;
  (0, 4) : 0.5785124, 0.4214876;
  (1, 4) : 0.8108108, 0.1891892;
  (2, 4) : 0.7692308, 0.2307692;
  (3, 4) : 0.6344828, 0.3655172;
  (4, 4) : 0.4349515, 0.5650485;
  (5, 4) : 0.7457627, 0.2542373;
  (0, 5) : 0.2939189, 0.7060811;
  (1, 5) : 0.6802326, 0.3197674;
  (2, 5) : 0.4271845, 0.5728155;
  (3, 5) : 0.3783784, 0.6216216;
  (4, 5) : 0.2093023, 0.7906977;
  (5, 5) : 0.4512195, 0.5487805;
}
probability ( home_gk | home_def, home_mid ) {
  (0, 0) : 0.462441315, 0.003912363, 0.093896714, 0.230046948, 0.179968701, 0.029733959;
  (1, 0) : 0.0000000, 0.1666667, 0.6666667, 0.0000000, 0.0000000, 0.1666667;
  (2, 0) : 0.15306122, 0.04081633, 0.39795918, 0.24489796, 0.02040816, 0.14285714;
  (3, 0) : 0.280172414, 0.004310345, 0.256465517, 0.293103448, 0.120689655, 0.045258621;
  (4, 0) : 0.408415842, 0.007425743, 0.042079208, 0.118811881, 0.418316832, 0.004950495;
  (5, 0) : 0.150, 0.100, 0.275, 0.225, 0.050, 0.200;
  (0, 1) : 0.0000000, 0.3333333, 0.3333333, 0.0000000, 0.0000000, 0.3333333;
  (1, 1) : 0.02225594, 0.66970157, 0.09610521, 0.04704097, 0.00657562, 0.15832069;
  (2, 1) : 0.069930070, 0.370629371, 0.188811189, 0.069930070, 0.006993007, 0.293706294;
  (3, 1) : 0.00000000, 0.27777778, 0.36111111, 0.08333333, 0.00000000, 0.27777778;
  (4, 1) : 0.1666667, 0.1666667, 0.1666667, 0.1666667, 0.1666667, 0.1666667;
  (5, 1) : 0.06510417, 0.42187500, 0.17187500, 0.08854167, 0.01041667, 0.24218750;
  (0, 2) : 0.25146199, 0.02923977, 0.30409357, 0.23976608, 0.07017544, 0.10526316;
  (1, 2) : 0.03448276, 0.34482759, 0.28735632, 0.04597701, 0.01149425, 0.27586207;
  (2, 2) : 0.10845070, 0.03380282, 0.38591549, 0.24366197, 0.02112676, 0.20704225;
  (3, 2) : 0.15551839, 0.04013378, 0.38127090, 0.22240803, 0.04347826, 0.15719064;
  (4, 2) : 0.15384615, 0.23076923, 0.23076923, 0.07692308, 0.23076923, 0.07692308;
  (5, 2) : 0.07365439, 0.13314448, 0.30878187, 0.13881020, 0.01699717, 0.32861190;
  (0, 3) : 0.37084399, 0.01534527, 0.23017903, 0.26086957, 0.07672634, 0.04603581;
  (1, 3) : 0.1363636, 0.1363636, 0.3181818, 0.1818182, 0.0000000, 0.2272727;
  (2, 3) : 0.12794613, 0.04713805, 0.36026936, 0.21212121, 0.04040404, 0.21212121;
  (3, 3) : 0.23754153, 0.02491694, 0.33554817, 0.24086379, 0.04983389, 0.11129568;
  (4, 3) : 0.19354839, 0.03225806, 0.09677419, 0.41935484, 0.22580645, 0.03225806;
  (5, 3) : 0.05208333, 0.13541667, 0.25000000, 0.16666667, 0.01041667, 0.38541667;
  (0, 4) : 0.429203540, 0.004424779, 0.035398230, 0.126106195, 0.398230088, 0.006637168;
  (1, 4) : 0.1666667, 0.1666667, 0.1666667, 0.1666667, 0.1666667, 0.1666667;
  (2, 4) : 0.0, 0.0, 1.0, 0.0, 0.0, 0.0;
  (3, 4) : 0.35714286, 0.00000000, 0.21428571, 0.17857143, 0.21428571, 0.03571429;
  (4, 4) : 0.2083333333, 0.0007716049, 0.0030864198, 0.0277777778, 0.7600308642, 0.0000000000;
  (5, 4) : 0.0, 0.0, 0.0, 0.0, 0.0, 1.0;
  (0, 5) : 0.37037037, 0.18518519, 0.16666667, 0.11111111, 0.03703704, 0.12962963;
  (1, 5) : 0.03625954, 0.43129771, 0.23473282, 0.04961832, 0.01145038, 0.23664122;
  (2, 5) : 0.09152086, 0.13728129, 0.25975774, 0.18707941, 0.01480485, 0.30955585;
  (3, 5) : 0.07672634, 0.11508951, 0.25063939, 0.19437340, 0.04092072, 0.32225064;
  (4, 5) : 0.0000000, 0.3333333, 0.3333333, 0.3333333, 0.0000000, 0.0000000;
  (5, 5) : 0.06330472, 0.23927039, 0.27253219, 0.10300429, 0.01394850, 0.30793991;
}
probability ( home_def ) {
   0.1860005, 0.2071423, 0.1577322, 0.1677884, 0.1383324, 0.1430042;
}
probability ( home_mid | home_def ) {
  (0) : 0.544061303, 0.001277139, 0.072796935, 0.166453810, 0.192422307, 0.022988506;
  (1) : 0.002293578, 0.755733945, 0.033256881, 0.008409786, 0.000000000, 0.200305810;
  (2) : 0.049196787, 0.071787149, 0.356425703, 0.149096386, 0.000502008, 0.372991968;
  (3) : 0.21897121, 0.01698915, 0.28220859, 0.28409627, 0.01321378, 0.18452100;
  (4) : 0.231253578, 0.000000000, 0.007441328, 0.017744705, 0.741843160, 0.001717230;
  (5) : 0.0221483942, 0.2126245847, 0.1954595792, 0.0531561462, 0.0005537099, 0.5160575858;
}
probability ( home_atk | home_def, home_mid ) {
  (0, 0) : 0.40140845, 0.00000000, 0.07042254, 0.25978091, 0.25821596, 0.01017214;
  (1, 0) : 0.0000000, 0.3333333, 0.1666667, 0.1666667, 0.3333333, 0.0000000;
  (2, 0) : 0.16326531, 0.00000000, 0.29591837, 0.38775510, 0.04081633, 0.11224490;
  (3, 0) : 0.228448276, 0.004310345, 0.211206897, 0.439655172, 0.079741379, 0.036637931;
  (4, 0) : 0.292079208, 0.000000000, 0.024752475, 0.118811881, 0.561881188, 0.002475248;
  (5, 0) : 0.025, 0.075, 0.250, 0.150, 0.125, 0.375;
  (0, 1) : 0.0000000, 0.0000000, 0.3333333, 0.6666667, 0.0000000, 0.0000000;
  (1, 1) : 0.003034901, 0.783510369, 0.049570056, 0.006575620, 0.003034901, 0.154274153;
  (2, 1) : 0.02797203, 0.32167832, 0.15384615, 0.06293706, 0.00000000, 0.43356643;
  (3, 1) : 0.00000000, 0.33333333, 0.11111111, 0.08333333, 0.00000000, 0.47222222;
  (4, 1) : 0.1666667, 0.1666667, 0.1666667, 0.1666667, 0.1666667, 0.1666667;
  (5, 1) : 0.005208333, 0.460937500, 0.153645833, 0.039062500, 0.002604167, 0.338541667;
  (0, 2) : 0.18128655, 0.01754386, 0.22807018, 0.36842105, 0.12865497, 0.07602339;
  (1, 2) : 0.00000000, 0.26436782, 0.31034483, 0.05747126, 0.02298851, 0.34482759;
  (2, 2) : 0.04366197, 0.01690141, 0.38450704, 0.32957746, 0.01690141, 0.20845070;
  (3, 2) : 0.09030100, 0.01337793, 0.38628763, 0.28929766, 0.04347826, 0.17725753;
  (4, 2) : 0.23076923, 0.00000000, 0.23076923, 0.23076923, 0.23076923, 0.07692308;
  (5, 2) : 0.019830028, 0.079320113, 0.416430595, 0.138810198, 0.005665722, 0.339943343;
  (0, 3) : 0.273657289, 0.002557545, 0.158567775, 0.360613811, 0.168797954, 0.035805627;
  (1, 3) : 0.00000000, 0.13636364, 0.22727273, 0.04545455, 0.04545455, 0.54545455;
  (2, 3) : 0.07070707, 0.01346801, 0.35016835, 0.34343434, 0.02356902, 0.19865320;
  (3, 3) : 0.19102990, 0.01162791, 0.25083056, 0.41196013, 0.04152824, 0.09302326;
  (4, 3) : 0.09677419, 0.00000000, 0.16129032, 0.38709677, 0.29032258, 0.06451613;
  (5, 3) : 0.02083333, 0.05208333, 0.34375000, 0.19791667, 0.03125000, 0.35416667;
  (0, 4) : 0.296460177, 0.000000000, 0.033185841, 0.139380531, 0.528761062, 0.002212389;
  (1, 4) : 0.1666667, 0.1666667, 0.1666667, 0.1666667, 0.1666667, 0.1666667;
  (2, 4) : 0.0, 0.0, 0.0, 1.0, 0.0, 0.0;
  (3, 4) : 0.35714286, 0.00000000, 0.17857143, 0.32142857, 0.07142857, 0.07142857;
  (4, 4) : 0.15354938, 0.00000000, 0.01003086, 0.03549383, 0.80092593, 0.00000000;
  (5, 4) : 0.0, 0.0, 0.0, 1.0, 0.0, 0.0;
  (0, 5) : 0.07407407, 0.03703704, 0.24074074, 0.25925926, 0.16666667, 0.22222222;
  (1, 5) : 0.005725191, 0.377862595, 0.192748092, 0.047709924, 0.011450382, 0.364503817;
  (2, 5) : 0.03230148, 0.09152086, 0.35935397, 0.18034993, 0.01345895, 0.32301480;
  (3, 5) : 0.04603581, 0.04347826, 0.43734015, 0.20204604, 0.02046036, 0.25063939;
  (4, 5) : 0.0000000, 0.0000000, 0.3333333, 0.3333333, 0.0000000, 0.3333333;
  (5, 5) : 0.020386266, 0.170600858, 0.324034335, 0.096566524, 0.005364807, 0.383047210;
}
probability ( away_gk | away_def, away_mid ) {
  (0, 0) : 0.42778216, 0.00394633, 0.09865825, 0.23993686, 0.20205209, 0.02762431;
  (1, 0) : 0.0, 0.0, 0.5, 0.0, 0.0, 0.5;
  (2, 0) : 0.11304348, 0.02608696, 0.40869565, 0.20000000, 0.09565217, 0.15652174;
  (3, 0) : 0.32091097, 0.01242236, 0.21739130, 0.29813665, 0.10144928, 0.04968944;
  (4, 0) : 0.329729730, 0.002702703, 0.043243243, 0.105405405, 0.505405405, 0.013513514;
  (5, 0) : 0.16129032, 0.09677419, 0.35483871, 0.12903226, 0.00000000, 0.25806452;
  (0, 1) : 0.0000000, 0.6666667, 0.3333333, 0.0000000, 0.0000000, 0.0000000;
  (1, 1) : 0.025497195, 0.679245283, 0.089750127, 0.043855176, 0.004589495, 0.157062723;
  (2, 1) : 0.04545455, 0.37878788, 0.12121212, 0.07575758, 0.03030303, 0.34848485;
  (3, 1) : 0.02777778, 0.47222222, 0.19444444, 0.02777778, 0.00000000, 0.27777778;
  (4, 1) : 0.1666667, 0.1666667, 0.1666667, 0.1666667, 0.1666667, 0.1666667;
  (5, 1) : 0.08072917, 0.40104167, 0.18489583, 0.08593750, 0.01822917, 0.22916667;
  (0, 2) : 0.25157233, 0.06289308, 0.34591195, 0.20754717, 0.05660377, 0.07547170;
  (1, 2) : 0.02173913, 0.30434783, 0.27173913, 0.04347826, 0.03260870, 0.32608696;
  (2, 2) : 0.14266118, 0.04252401, 0.32647462, 0.25788752, 0.02606310, 0.20438957;
  (3, 2) : 0.15789474, 0.03565365, 0.37351443, 0.22410866, 0.03225806, 0.17657046;
  (4, 2) : 0.33333333, 0.08333333, 0.33333333, 0.08333333, 0.16666667, 0.00000000;
  (5, 2) : 0.05882353, 0.15601023, 0.29923274, 0.16879795, 0.02301790, 0.29411765;
  (0, 3) : 0.38095238, 0.02005013, 0.22305764, 0.26315789, 0.08270677, 0.03007519;
  (1, 3) : 0.0625, 0.4375, 0.1875, 0.1250, 0.0000, 0.1875;
  (2, 3) : 0.14333333, 0.03000000, 0.38333333, 0.18666667, 0.03333333, 0.22333333;
  (3, 3) : 0.22349103, 0.02610114, 0.32952692, 0.23491028, 0.07504078, 0.11092985;
  (4, 3) : 0.25806452, 0.03225806, 0.09677419, 0.41935484, 0.12903226, 0.06451613;
  (5, 3) : 0.02912621, 0.11650485, 0.25242718, 0.16504854, 0.02912621, 0.40776699;
  (0, 4) : 0.452380952, 0.002164502, 0.034632035, 0.114718615, 0.389610390, 0.006493506;
  (1, 4) : 0.0, 0.0, 1.0, 0.0, 0.0, 0.0;
  (2, 4) : 0.0, 0.0, 0.5, 0.5, 0.0, 0.0;
  (3, 4) : 0.33333333, 0.03703704, 0.22222222, 0.18518519, 0.14814815, 0.07407407;
  (4, 4) : 0.2281226627, 0.0000000000, 0.0059835453, 0.0291697831, 0.7359760658, 0.0007479432;
  (5, 4) : 0.5, 0.5, 0.0, 0.0, 0.0, 0.0;
  (0, 5) : 0.22033898, 0.27118644, 0.15254237, 0.11864407, 0.03389831, 0.20338983;
  (1, 5) : 0.03787879, 0.40909091, 0.23674242, 0.04356061, 0.01704545, 0.25568182;
  (2, 5) : 0.0782726, 0.1484480, 0.2361673, 0.1848853, 0.0148448, 0.3373819;
  (3, 5) : 0.09115282, 0.13672922, 0.28418231, 0.17962466, 0.04289544, 0.26541555;
  (4, 5) : 0.6666667, 0.0000000, 0.0000000, 0.0000000, 0.3333333, 0.0000000;
  (5, 5) : 0.06192661, 0.22706422, 0.27637615, 0.11238532, 0.01376147, 0.30848624;
}
probability ( away_def ) {
   0.1860005, 0.2060337, 0.1600285, 0.1679468, 0.1388075, 0.1411830;
}
probability ( away_mid | away_def ) {
  (0) : 0.539378459, 0.001277139, 0.067688378, 0.169859515, 0.196679438, 0.025117071;
  (1) : 0.0015372790, 0.7536510377, 0.0353574174, 0.0061491161, 0.0003843198, 0.2029208301;
  (2) : 0.056902524, 0.065314201, 0.360712519, 0.148441366, 0.001979218, 0.366650173;
  (3) : 0.22772277, 0.01697313, 0.27769920, 0.28901462, 0.01272984, 0.17586044;
  (4) : 0.211066743, 0.000000000, 0.006845408, 0.017683970, 0.762692527, 0.001711352;
  (5) : 0.017386427, 0.215367358, 0.219293326, 0.057767807, 0.001121705, 0.489063376;
}
probability ( away_atk | away_def, away_mid ) {
  (0, 0) : 0.397000789, 0.000789266, 0.078137332, 0.247040253, 0.270718232, 0.006314128;
  (1, 0) : 0.00, 0.25, 0.50, 0.00, 0.25, 0.00;
  (2, 0) : 0.10434783, 0.01739130, 0.37391304, 0.33913043, 0.03478261, 0.13043478;
  (3, 0) : 0.283643892, 0.004140787, 0.188405797, 0.387163561, 0.082815735, 0.053830228;
  (4, 0) : 0.28108108, 0.00000000, 0.02702703, 0.13243243, 0.55945946, 0.00000000;
  (5, 0) : 0.00000000, 0.09677419, 0.22580645, 0.19354839, 0.22580645, 0.25806452;
  (0, 1) : 0.0000000, 0.3333333, 0.0000000, 0.3333333, 0.0000000, 0.3333333;
  (1, 1) : 0.001529832, 0.783273840, 0.042325344, 0.009178990, 0.002549720, 0.161142274;
  (2, 1) : 0.007575758, 0.318181818, 0.234848485, 0.037878788, 0.000000000, 0.401515152;
  (3, 1) : 0.02777778, 0.33333333, 0.25000000, 0.05555556, 0.00000000, 0.33333333;
  (4, 1) : 0.1666667, 0.1666667, 0.1666667, 0.1666667, 0.1666667, 0.1666667;
  (5, 1) : 0.002604167, 0.468750000, 0.166666667, 0.023437500, 0.000000000, 0.338541667;
  (0, 2) : 0.201257862, 0.006289308, 0.232704403, 0.371069182, 0.094339623, 0.094339623;
  (1, 2) : 0.01086957, 0.26086957, 0.27173913, 0.04347826, 0.00000000, 0.41304348;
  (2, 2) : 0.05212620, 0.03155007, 0.37174211, 0.30452675, 0.02606310, 0.21399177;
  (3, 2) : 0.07809847, 0.01528014, 0.39049236, 0.31409168, 0.03904924, 0.16298812;
  (4, 2) : 0.41666667, 0.00000000, 0.25000000, 0.16666667, 0.08333333, 0.08333333;
  (5, 2) : 0.02813299, 0.08439898, 0.39386189, 0.17647059, 0.01023018, 0.30690537;
  (0, 3) : 0.290726817, 0.002506266, 0.177944862, 0.353383459, 0.142857143, 0.032581454;
  (1, 3) : 0.1250, 0.0000, 0.2500, 0.1250, 0.0625, 0.4375;
  (2, 3) : 0.093333333, 0.010000000, 0.413333333, 0.283333333, 0.006666667, 0.193333333;
  (3, 3) : 0.195758564, 0.009787928, 0.264274062, 0.406199021, 0.040783034, 0.083197390;
  (4, 3) : 0.2903226, 0.0000000, 0.1290323, 0.2580645, 0.3225806, 0.0000000;
  (5, 3) : 0.05825243, 0.04854369, 0.33009709, 0.17475728, 0.01941748, 0.36893204;
  (0, 4) : 0.303030303, 0.000000000, 0.030303030, 0.123376623, 0.538961039, 0.004329004;
  (1, 4) : 0.0, 0.0, 0.0, 0.0, 0.0, 1.0;
  (2, 4) : 0.25, 0.00, 0.00, 0.50, 0.25, 0.00;
  (3, 4) : 0.11111111, 0.00000000, 0.14814815, 0.59259259, 0.11111111, 0.03703704;
  (4, 4) : 0.1503365744, 0.0000000000, 0.0104712042, 0.0426327599, 0.7958115183, 0.0007479432;
  (5, 4) : 0.0, 0.0, 0.0, 0.5, 0.0, 0.5;
  (0, 5) : 0.15254237, 0.01694915, 0.33898305, 0.25423729, 0.05084746, 0.18644068;
  (1, 5) : 0.009469697, 0.367424242, 0.221590909, 0.047348485, 0.005681818, 0.348484848;
  (2, 5) : 0.03778677, 0.08502024, 0.37112011, 0.17004049, 0.01214575, 0.32388664;
  (3, 5) : 0.048257373, 0.061662198, 0.388739946, 0.246648794, 0.002680965, 0.252010724;
  (4, 5) : 0.6666667, 0.0000000, 0.0000000, 0.3333333, 0.0000000, 0.0000000;
  (5, 5) : 0.012614679, 0.159403670, 0.315366972, 0.110091743, 0.009174312, 0.393348624;
}
