belief network "unknown"
node winner {
  type : discrete [ 2 ] = { "home", "not home" };
}
node home_gk {
  type : discrete [ 6 ] = { "bad", "excellent", "good", "mediocre", "terrible", "very good" };
}
node home_def {
  type : discrete [ 6 ] = { "bad", "excellent", "good", "mediocre", "terrible", "very good" };
}
node home_mid {
  type : discrete [ 6 ] = { "bad", "excellent", "good", "mediocre", "terrible", "very good" };
}
node home_atk {
  type : discrete [ 6 ] = { "bad", "excellent", "good", "mediocre", "terrible", "very good" };
}
node away_gk {
  type : discrete [ 6 ] = { "bad", "excellent", "good", "mediocre", "terrible", "very good" };
}
node away_def {
  type : discrete [ 6 ] = { "bad", "excellent", "good", "mediocre", "terrible", "very good" };
}
node away_mid {
  type : discrete [ 6 ] = { "bad", "excellent", "good", "mediocre", "terrible", "very good" };
}
node away_atk {
  type : discrete [ 6 ] = { "bad", "excellent", "good", "mediocre", "terrible", "very good" };
}
probability ( winner | home_mid, away_mid ) {
  (0, 0) : 0.4567164, 0.5432836;
  (1, 0) : 0.7439024, 0.2560976;
  (2, 0) : 0.5533597, 0.4466403;
  (3, 0) : 0.5339506, 0.4660494;
  (4, 0) : 0.3505376, 0.6494624;
  (5, 0) : 0.6606498, 0.3393502;
  (0, 1) : 0.1774892, 0.8225108;
  (1, 1) : 0.4738956, 0.5261044;
  (2, 1) : 0.2080925, 0.7919075;
  (3, 1) : 0.2230216, 0.7769784;
  (4, 1) : 0.1071429, 0.8928571;
  (5, 1) : 0.2835408, 0.7164592;
  (0, 2) : 0.2941176, 0.7058824;
  (1, 2) : 0.6996466, 0.3003534;
  (2, 2) : 0.4344262, 0.5655738;
  (3, 2) : 0.3780488, 0.6219512;
  (4, 2) : 0.2205882, 0.7794118;
  (5, 2) : 0.5, 0.5;
  (0, 3) : 0.3742138, 0.6257862;
  (1, 3) : 0.6928105, 0.3071895;
  (2, 3) : 0.4506438, 0.5493562;
  (3, 3) : 0.4712042, 0.5287958;
  (4, 3) : 0.1935484, 0.8064516;
  (5, 3) : 0.5174419, 0.4825581;
  (0, 4) : 0.5782881, 0.4217119;
  (1, 4) : 0.7878788, 0.2121212;
  (2, 4) : 0.7682927, 0.2317073;
  (3, 4) : 0.6397059, 0.3602941;
  (4, 4) : 0.439604, 0.560396;
  (5, 4) : 0.75, 0.25;
  (0, 5) : 0.2629758, 0.7370242;
  (1, 5) : 0.6762689, 0.3237311;
  (2, 5) : 0.4462151, 0.5537849;
  (3, 5) : 0.3377049, 0.6622951;
  (4, 5) : 0.1458333, 0.8541667;
  (5, 5) : 0.4614344, 0.5385656;
}
probability ( home_gk | home_def, home_mid ) {
  (0, 0) : 0.447264076, 0.004758128, 0.095162569, 0.227597145, 0.195083267, 0.030134814;
  (1, 0) : 0.000, 0.375, 0.500, 0.000, 0.000, 0.125;
  (2, 0) : 0.11956522, 0.03260870, 0.41304348, 0.25000000, 0.04347826, 0.14130435;
  (3, 0) : 0.294642857, 0.006696429, 0.250000000, 0.287946429, 0.111607143, 0.049107143;
  (4, 0) : 0.383202100, 0.007874016, 0.039370079, 0.118110236, 0.443569554, 0.007874016;
  (5, 0) : 0.17142857, 0.08571429, 0.25714286, 0.14285714, 0.05714286, 0.28571429;
  (0, 1) : 0.0000000, 0.3333333, 0.3333333, 0.0000000, 0.0000000, 0.3333333;
  (1, 1) : 0.019108280, 0.663890250, 0.106320431, 0.047035767, 0.005879471, 0.157765801;
  (2, 1) : 0.07482993, 0.36734694, 0.16326531, 0.06802721, 0.02040816, 0.30612245;
  (3, 1) : 0.00000000, 0.23529412, 0.35294118, 0.05882353, 0.00000000, 0.35294118;
  (4, 1) : 0.1666667, 0.1666667, 0.1666667, 0.1666667, 0.1666667, 0.1666667;
  (5, 1) : 0.06218905, 0.43034826, 0.16417910, 0.07711443, 0.01243781, 0.25373134;
  (0, 2) : 0.23595506, 0.02808989, 0.32584270, 0.22471910, 0.07865169, 0.10674157;
  (1, 2) : 0.03488372, 0.32558140, 0.37209302, 0.06976744, 0.01162791, 0.18604651;
  (2, 2) : 0.10629371, 0.03636364, 0.37482517, 0.25174825, 0.02237762, 0.20839161;
  (3, 2) : 0.16256158, 0.03940887, 0.36124795, 0.22495895, 0.03940887, 0.17241379;
  (4, 2) : 0.28571429, 0.28571429, 0.07142857, 0.07142857, 0.14285714, 0.14285714;
  (5, 2) : 0.07932011, 0.12464589, 0.27478754, 0.14730878, 0.03116147, 0.34277620;
  (0, 3) : 0.38578680, 0.01776650, 0.20304569, 0.25634518, 0.08629442, 0.05076142;
  (1, 3) : 0.03846154, 0.26923077, 0.23076923, 0.19230769, 0.00000000, 0.26923077;
  (2, 3) : 0.13125, 0.03750, 0.38125, 0.21250, 0.02500, 0.21250;
  (3, 3) : 0.25123967, 0.02314050, 0.34049587, 0.23966942, 0.04297521, 0.10247934;
  (4, 3) : 0.21052632, 0.02631579, 0.13157895, 0.39473684, 0.18421053, 0.05263158;
  (5, 3) : 0.02061856, 0.15463918, 0.30927835, 0.17525773, 0.02061856, 0.31958763;
  (0, 4) : 0.406103286, 0.004694836, 0.032863850, 0.117370892, 0.431924883, 0.007042254;
  (1, 4) : 0.1666667, 0.1666667, 0.1666667, 0.1666667, 0.1666667, 0.1666667;
  (2, 4) : 0.0, 0.0, 1.0, 0.0, 0.0, 0.0;
  (3, 4) : 0.40000000, 0.00000000, 0.20000000, 0.13333333, 0.23333333, 0.03333333;
  (4, 4) : 0.2079439252, 0.0007788162, 0.0015576324, 0.0334890966, 0.7562305296, 0.0000000000;
  (5, 4) : 0.0, 0.0, 0.0, 0.5, 0.0, 0.5;
  (0, 5) : 0.32608696, 0.15217391, 0.26086957, 0.06521739, 0.06521739, 0.13043478;
  (1, 5) : 0.040462428, 0.398843931, 0.250481696, 0.046242775, 0.005780347, 0.258188825;
  (2, 5) : 0.08940853, 0.12654746, 0.24346630, 0.19257221, 0.01375516, 0.33425034;
  (3, 5) : 0.06549118, 0.12846348, 0.26952141, 0.18387909, 0.04282116, 0.30982368;
  (4, 5) : 0.0, 0.5, 0.5, 0.0, 0.0, 0.0;
  (5, 5) : 0.06938326, 0.23458150, 0.27973568, 0.09801762, 0.01872247, 0.29955947;
}
probability ( home_def ) {
   0.1827540, 0.2122100, 0.1585240, 0.1681052, 0.1361153, 0.1422916;
}
probability ( home_mid | home_def ) {
  (0) : 0.546360485, 0.001299827, 0.077123050, 0.170710572, 0.184575390, 0.019930676;
  (1) : 0.002985075, 0.761567164, 0.032089552, 0.009701493, 0.000000000, 0.193656716;
  (2) : 0.0459540460, 0.0734265734, 0.3571428571, 0.1598401598, 0.0004995005, 0.3631368631;
  (3) : 0.21102214, 0.01601507, 0.28685822, 0.28497409, 0.01413095, 0.18699953;
  (4) : 0.221640489, 0.000000000, 0.008144270, 0.022105876, 0.746945899, 0.001163467;
  (5) : 0.019476906, 0.223706177, 0.196438509, 0.053978854, 0.001112966, 0.505286589;
}
probability ( home_atk | home_def, home_mid ) {
  (0, 0) : 0.405233941, 0.000000000, 0.071371927, 0.252180809, 0.263283109, 0.007930214;
  (1, 0) : 0.000, 0.375, 0.000, 0.250, 0.250, 0.125;
  (2, 0) : 0.13043478, 0.01086957, 0.27173913, 0.33695652, 0.06521739, 0.18478261;
  (3, 0) : 0.243303571, 0.002232143, 0.207589286, 0.419642857, 0.089285714, 0.037946429;
  (4, 0) : 0.272965879, 0.000000000, 0.023622047, 0.131233596, 0.569553806, 0.002624672;
  (5, 0) : 0.02857143, 0.05714286, 0.22857143, 0.20000000, 0.11428571, 0.37142857;
  (0, 1) : 0.0000000, 0.0000000, 0.3333333, 0.6666667, 0.0000000, 0.0000000;
  (1, 1) : 0.003919647, 0.770700637, 0.048505634, 0.007839294, 0.002449780, 0.166585007;
  (2, 1) : 0.027210884, 0.306122449, 0.149659864, 0.068027211, 0.006802721, 0.442176871;
  (3, 1) : 0.00000000, 0.35294118, 0.11764706, 0.08823529, 0.00000000, 0.44117647;
  (4, 1) : 0.1666667, 0.1666667, 0.1666667, 0.1666667, 0.1666667, 0.1666667;
  (5, 1) : 0.004975124, 0.455223881, 0.161691542, 0.034825871, 0.000000000, 0.343283582;
  (0, 2) : 0.16292135, 0.01685393, 0.23033708, 0.34831461, 0.14606742, 0.09550562;
  (1, 2) : 0.00000000, 0.27906977, 0.30232558, 0.03488372, 0.01162791, 0.37209302;
  (2, 2) : 0.05874126, 0.01818182, 0.37062937, 0.32027972, 0.02237762, 0.20979021;
  (3, 2) : 0.078817734, 0.009852217, 0.372742200, 0.311986864, 0.042692939, 0.183908046;
  (4, 2) : 0.35714286, 0.00000000, 0.14285714, 0.21428571, 0.21428571, 0.07142857;
  (5, 2) : 0.016997167, 0.079320113, 0.422096317, 0.138810198, 0.005665722, 0.337110482;
  (0, 3) : 0.263959391, 0.002538071, 0.144670051, 0.383248731, 0.172588832, 0.032994924;
  (1, 3) : 0.00000000, 0.11538462, 0.34615385, 0.03846154, 0.07692308, 0.42307692;
  (2, 3) : 0.071875, 0.012500, 0.365625, 0.346875, 0.015625, 0.187500;
  (3, 3) : 0.183471074, 0.008264463, 0.271074380, 0.413223140, 0.041322314, 0.082644628;
  (4, 3) : 0.10526316, 0.00000000, 0.18421053, 0.31578947, 0.31578947, 0.07894737;
  (5, 3) : 0.03092784, 0.05154639, 0.31958763, 0.21649485, 0.05154639, 0.32989691;
  (0, 4) : 0.284037559, 0.000000000, 0.035211268, 0.154929577, 0.523474178, 0.002347418;
  (1, 4) : 0.1666667, 0.1666667, 0.1666667, 0.1666667, 0.1666667, 0.1666667;
  (2, 4) : 0.0, 0.0, 0.0, 1.0, 0.0, 0.0;
  (3, 4) : 0.33333333, 0.00000000, 0.16666667, 0.33333333, 0.13333333, 0.03333333;
  (4, 4) : 0.1456386293, 0.0000000000, 0.0109034268, 0.0381619938, 0.8045171340, 0.0007788162;
  (5, 4) : 0.0, 0.0, 0.0, 1.0, 0.0, 0.0;
  (0, 5) : 0.1086957, 0.0000000, 0.2391304, 0.2391304, 0.1956522, 0.2173913;
  (1, 5) : 0.007707129, 0.368015414, 0.210019268, 0.042389210, 0.009633911, 0.362235067;
  (2, 5) : 0.03163686, 0.08253095, 0.36451169, 0.17881706, 0.01513067, 0.32737276;
  (3, 5) : 0.03526448, 0.05541562, 0.41813602, 0.21662469, 0.01763224, 0.25692695;
  (4, 5) : 0.0, 0.0, 0.5, 0.5, 0.0, 0.0;
  (5, 5) : 0.017621145, 0.172907489, 0.331497797, 0.084801762, 0.005506608, 0.387665198;
}
probability ( away_gk | away_def, away_mid ) {
  (0, 0) : 0.403861625, 0.004827031, 0.098149638, 0.252614642, 0.208366854, 0.032180209;
  (1, 0) : 0.0000000, 0.0000000, 0.8333333, 0.0000000, 0.0000000, 0.1666667;
  (2, 0) : 0.08695652, 0.04347826, 0.37391304, 0.24347826, 0.06956522, 0.18260870;
  (3, 0) : 0.32983193, 0.01260504, 0.22478992, 0.28781513, 0.09033613, 0.05462185;
  (4, 0) : 0.317679558, 0.005524862, 0.035911602, 0.104972376, 0.522099448, 0.013812155;
  (5, 0) : 0.2424242, 0.1212121, 0.3030303, 0.1818182, 0.0000000, 0.1515152;
  (0, 1) : 0.0, 1.0, 0.0, 0.0, 0.0, 0.0;
  (1, 1) : 0.021543086, 0.688877756, 0.090681363, 0.044088176, 0.006012024, 0.148797595;
  (2, 1) : 0.0625000, 0.3750000, 0.1250000, 0.0781250, 0.0234375, 0.3359375;
  (3, 1) : 0.02857143, 0.48571429, 0.17142857, 0.02857143, 0.00000000, 0.28571429;
  (4, 1) : 0.1666667, 0.1666667, 0.1666667, 0.1666667, 0.1666667, 0.1666667;
  (5, 1) : 0.082191781, 0.397260274, 0.186301370, 0.093150685, 0.008219178, 0.232876712;
  (0, 2) : 0.25170068, 0.08163265, 0.31972789, 0.23129252, 0.03401361, 0.08163265;
  (1, 2) : 0.03225806, 0.27956989, 0.26881720, 0.04301075, 0.03225806, 0.34408602;
  (2, 2) : 0.14189189, 0.04054054, 0.33648649, 0.24729730, 0.02972973, 0.20405405;
  (3, 2) : 0.16523236, 0.04647160, 0.37177281, 0.22203098, 0.03270224, 0.16179002;
  (4, 2) : 0.30769231, 0.00000000, 0.30769231, 0.07692308, 0.15384615, 0.15384615;
  (5, 2) : 0.05191257, 0.15573770, 0.33879781, 0.13661202, 0.02732240, 0.28961749;
  (0, 3) : 0.40801887, 0.01650943, 0.21462264, 0.25471698, 0.07547170, 0.03066038;
  (1, 3) : 0.04545455, 0.27272727, 0.31818182, 0.13636364, 0.00000000, 0.22727273;
  (2, 3) : 0.15916955, 0.02076125, 0.38062284, 0.20069204, 0.03460208, 0.20415225;
  (3, 3) : 0.2208, 0.0304, 0.3264, 0.2512, 0.0656, 0.1056;
  (4, 3) : 0.23684211, 0.05263158, 0.07894737, 0.34210526, 0.18421053, 0.10526316;
  (5, 3) : 0.04237288, 0.11016949, 0.25423729, 0.19491525, 0.00000000, 0.39830508;
  (0, 4) : 0.456896552, 0.002155172, 0.025862069, 0.127155172, 0.379310345, 0.008620690;
  (1, 4) : 0.0, 0.0, 1.0, 0.0, 0.0, 0.0;
  (2, 4) : 0.0, 0.0, 0.0, 0.5, 0.0, 0.5;
  (3, 4) : 0.36842105, 0.05263158, 0.15789474, 0.15789474, 0.15789474, 0.10526316;
  (4, 4) : 0.2217987805, 0.0000000000, 0.0045731707, 0.0350609756, 0.7378048780, 0.0007621951;
  (5, 4) : 0.5, 0.5, 0.0, 0.0, 0.0, 0.0;
  (0, 5) : 0.23529412, 0.25000000, 0.19117647, 0.10294118, 0.04411765, 0.17647059;
  (1, 5) : 0.03867403, 0.40147330, 0.23756906, 0.04604052, 0.01841621, 0.25782689;
  (2, 5) : 0.08147175, 0.13929041, 0.24310118, 0.18134034, 0.01839685, 0.33639947;
  (3, 5) : 0.08943089, 0.12466125, 0.28997290, 0.20054201, 0.03523035, 0.26016260;
  (4, 5) : 0.6666667, 0.0000000, 0.0000000, 0.0000000, 0.3333333, 0.0000000;
  (5, 5) : 0.06451613, 0.23617512, 0.26612903, 0.11059908, 0.01267281, 0.30990783;
}
probability ( away_def ) {
   0.1859213, 0.2107055, 0.1611371, 0.1666799, 0.1368279, 0.1387283;
}
probability ( away_mid | away_def ) {
  (0) : 0.5293867121, 0.0008517888, 0.0626064736, 0.1805792164, 0.1976149915, 0.0289608177;
  (1) : 0.0022547914, 0.7500939496, 0.0349492672, 0.0082675686, 0.0003757986, 0.2040586246;
  (2) : 0.056511057, 0.062899263, 0.363636364, 0.142014742, 0.000982801, 0.373955774;
  (3) : 0.226128266, 0.016627078, 0.276009501, 0.296912114, 0.009026128, 0.175296912;
  (4) : 0.209490741, 0.000000000, 0.007523148, 0.021990741, 0.759259259, 0.001736111;
  (5) : 0.018835616, 0.208333333, 0.208904110, 0.067351598, 0.001141553, 0.495433790;
}
probability ( away_atk | away_def, away_mid ) {
  (0, 0) : 0.398230088, 0.000000000, 0.072405471, 0.250201126, 0.272727273, 0.006436042;
  (1, 0) : 0.0000000, 0.3333333, 0.5000000, 0.0000000, 0.1666667, 0.0000000;
  (2, 0) : 0.08695652, 0.01739130, 0.35652174, 0.36521739, 0.03478261, 0.13913043;
  (3, 0) : 0.266806723, 0.006302521, 0.197478992, 0.409663866, 0.075630252, 0.044117647;
  (4, 0) : 0.28729282, 0.00000000, 0.02486188, 0.13812155, 0.54972376, 0.00000000;
  (5, 0) : 0.03030303, 0.09090909, 0.15151515, 0.27272727, 0.18181818, 0.27272727;
  (0, 1) : 0.0, 0.5, 0.0, 0.0, 0.0, 0.5;
  (1, 1) : 0.001503006, 0.783066132, 0.043086172, 0.007515030, 0.002505010, 0.162324649;
  (2, 1) : 0.0156250, 0.2734375, 0.2109375, 0.0468750, 0.0000000, 0.4531250;
  (3, 1) : 0.02857143, 0.31428571, 0.25714286, 0.08571429, 0.00000000, 0.31428571;
  (4, 1) : 0.1666667, 0.1666667, 0.1666667, 0.1666667, 0.1666667, 0.1666667;
  (5, 1) : 0.005479452, 0.441095890, 0.178082192, 0.019178082, 0.005479452, 0.350684932;
  (0, 2) : 0.204081633, 0.006802721, 0.299319728, 0.319727891, 0.081632653, 0.088435374;
  (1, 2) : 0.01075269, 0.26881720, 0.27956989, 0.07526882, 0.00000000, 0.36559140;
  (2, 2) : 0.05270270, 0.03108108, 0.36756757, 0.31081081, 0.02702703, 0.21081081;
  (3, 2) : 0.09122203, 0.01204819, 0.40447504, 0.29432014, 0.02925990, 0.16867470;
  (4, 2) : 0.38461538, 0.00000000, 0.07692308, 0.38461538, 0.07692308, 0.07692308;
  (5, 2) : 0.02732240, 0.08743169, 0.38524590, 0.17486339, 0.01366120, 0.31147541;
  (0, 3) : 0.25943396, 0.00000000, 0.18867925, 0.38207547, 0.14150943, 0.02830189;
  (1, 3) : 0.00000000, 0.13636364, 0.31818182, 0.13636364, 0.04545455, 0.36363636;
  (2, 3) : 0.110726644, 0.010380623, 0.429065744, 0.276816609, 0.003460208, 0.169550173;
  (3, 3) : 0.1760, 0.0128, 0.2624, 0.4192, 0.0400, 0.0896;
  (4, 3) : 0.2631579, 0.0000000, 0.1842105, 0.2368421, 0.3157895, 0.0000000;
  (5, 3) : 0.05932203, 0.04237288, 0.33898305, 0.19491525, 0.01694915, 0.34745763;
  (0, 4) : 0.323275862, 0.000000000, 0.021551724, 0.142241379, 0.508620690, 0.004310345;
  (1, 4) : 0.0, 0.0, 0.0, 0.0, 0.0, 1.0;
  (2, 4) : 0.5, 0.0, 0.5, 0.0, 0.0, 0.0;
  (3, 4) : 0.1578947, 0.0000000, 0.2105263, 0.5263158, 0.1052632, 0.0000000;
  (4, 4) : 0.1570121951, 0.0000000000, 0.0083841463, 0.0449695122, 0.7888719512, 0.0007621951;
  (5, 4) : 0.0, 0.0, 0.0, 0.5, 0.0, 0.5;
  (0, 5) : 0.13235294, 0.01470588, 0.36764706, 0.19117647, 0.07352941, 0.22058824;
  (1, 5) : 0.009208103, 0.379373849, 0.206261510, 0.058931860, 0.005524862, 0.340699816;
  (2, 5) : 0.03547963, 0.08278581, 0.36925099, 0.16557162, 0.01051248, 0.33639947;
  (3, 5) : 0.043360434, 0.065040650, 0.392953930, 0.271002710, 0.008130081, 0.219512195;
  (4, 5) : 0.6666667, 0.0000000, 0.0000000, 0.3333333, 0.0000000, 0.0000000;
  (5, 5) : 0.008064516, 0.168202765, 0.328341014, 0.107142857, 0.010368664, 0.377880184;
}
