belief network "unknown"
node winner {
  type : discrete [ 3 ] = { "away", "draw", "home" };
}
node home_gk {
  type : discrete [ 6 ] = { "bad", "excellent", "good", "mediocre", "terrible", "very good" };
}
node home_def {
  type : discrete [ 6 ] = { "bad", "excellent", "good", "mediocre", "terrible", "very good" };
}
node home_mid {
  type : discrete [ 6 ] = { "bad", "excellent", "good", "mediocre", "terrible", "very good" };
}
node home_atk {
  type : discrete [ 6 ] = { "bad", "excellent", "good", "mediocre", "terrible", "very good" };
}
node away_gk {
  type : discrete [ 6 ] = { "bad", "excellent", "good", "mediocre", "terrible", "very good" };
}
node away_def {
  type : discrete [ 6 ] = { "bad", "excellent", "good", "mediocre", "terrible", "very good" };
}
node away_mid {
  type : discrete [ 6 ] = { "bad", "excellent", "good", "mediocre", "terrible", "very good" };
}
node away_atk {
  type : discrete [ 6 ] = { "bad", "excellent", "good", "mediocre", "terrible", "very good" };
}
probability ( winner | home_mid, away_def ) {
  (0, 0) : 0.2639257, 0.2745358, 0.4615385;
  (1, 0) : 0.06140351, 0.19298246, 0.74561404;
  (2, 0) : 0.1567797, 0.2627119, 0.5805085;
  (3, 0) : 0.2222222, 0.2571429, 0.5206349;
  (4, 0) : 0.4091778, 0.2562141, 0.3346080;
  (5, 0) : 0.1185897, 0.2019231, 0.6794872;
  (0, 1) : 0.5772727, 0.2500000, 0.1727273;
  (1, 1) : 0.2487437, 0.2474874, 0.5037688;
  (2, 1) : 0.5075758, 0.2556818, 0.2367424;
  (3, 1) : 0.4896552, 0.2724138, 0.2379310;
  (4, 1) : 0.66666667, 0.25925926, 0.07407407;
  (5, 1) : 0.4515707, 0.2578534, 0.2905759;
  (0, 2) : 0.4517375, 0.2895753, 0.2586873;
  (1, 2) : 0.1403197, 0.1776199, 0.6820604;
  (2, 2) : 0.2634271, 0.3324808, 0.4040921;
  (3, 2) : 0.3304721, 0.3133047, 0.3562232;
  (4, 2) : 0.6315789, 0.1754386, 0.1929825;
  (5, 2) : 0.2424242, 0.2935606, 0.4640152;
  (0, 3) : 0.3054187, 0.2783251, 0.4162562;
  (1, 3) : 0.1298701, 0.1948052, 0.6753247;
  (2, 3) : 0.2396907, 0.2963918, 0.4639175;
  (3, 3) : 0.2693727, 0.2656827, 0.4649446;
  (4, 3) : 0.4892086, 0.2661871, 0.2446043;
  (5, 3) : 0.1978947, 0.2315789, 0.5705263;
  (0, 4) : 0.1971831, 0.2276995, 0.5751174;
  (1, 4) : 0.03125, 0.15625, 0.81250;
  (2, 4) : 0.1012658, 0.2151899, 0.6835443;
  (3, 4) : 0.1258741, 0.2307692, 0.6433566;
  (4, 4) : 0.3244898, 0.2591837, 0.4163265;
  (5, 4) : 0.09615385, 0.19230769, 0.71153846;
  (0, 5) : 0.5263158, 0.1929825, 0.2807018;
  (1, 5) : 0.1227723, 0.2079208, 0.6693069;
  (2, 5) : 0.3433735, 0.2801205, 0.3765060;
  (3, 5) : 0.4063927, 0.2922374, 0.3013699;
  (4, 5) : 0.6956522, 0.1304348, 0.1739130;
  (5, 5) : 0.2828685, 0.3067729, 0.4103586;
}
probability ( home_gk | home_def, home_mid ) {
  (0, 0) : 0.464743590, 0.004807692, 0.087339744, 0.231570513, 0.182692308, 0.028846154;
  (1, 0) : 0.0000000, 0.3333333, 0.5000000, 0.0000000, 0.0000000, 0.1666667;
  (2, 0) : 0.11578947, 0.03157895, 0.38947368, 0.29473684, 0.03157895, 0.13684211;
  (3, 0) : 0.298701299, 0.006493506, 0.251082251, 0.290043290, 0.110389610, 0.043290043;
  (4, 0) : 0.410714286, 0.005102041, 0.038265306, 0.130102041, 0.405612245, 0.010204082;
  (5, 0) : 0.21212121, 0.03030303, 0.27272727, 0.18181818, 0.03030303, 0.27272727;
  (0, 1) : 0.0000000, 0.3333333, 0.3333333, 0.0000000, 0.0000000, 0.3333333;
  (1, 1) : 0.020520521, 0.663663664, 0.100100100, 0.046546547, 0.006506507, 0.162662663;
  (2, 1) : 0.07692308, 0.37062937, 0.15384615, 0.08391608, 0.02097902, 0.29370629;
  (3, 1) : 0.00000000, 0.31428571, 0.25714286, 0.08571429, 0.00000000, 0.34285714;
  (4, 1) : 0.1666667, 0.1666667, 0.1666667, 0.1666667, 0.1666667, 0.1666667;
  (5, 1) : 0.05651106, 0.42014742, 0.17199017, 0.09336609, 0.00982801, 0.24815725;
  (0, 2) : 0.28220859, 0.03067485, 0.33742331, 0.18404908, 0.07361963, 0.09202454;
  (1, 2) : 0.03409091, 0.31818182, 0.36363636, 0.03409091, 0.01136364, 0.23863636;
  (2, 2) : 0.12033195, 0.02904564, 0.39142462, 0.22683264, 0.02627939, 0.20608575;
  (3, 2) : 0.15296053, 0.03618421, 0.37993421, 0.21710526, 0.04440789, 0.16940789;
  (4, 2) : 0.30769231, 0.23076923, 0.23076923, 0.07692308, 0.07692308, 0.07692308;
  (5, 2) : 0.07520891, 0.13370474, 0.29805014, 0.14484680, 0.03064067, 0.31754875;
  (0, 3) : 0.37434555, 0.02094241, 0.20942408, 0.26439791, 0.08376963, 0.04712042;
  (1, 3) : 0.08333333, 0.25000000, 0.25000000, 0.12500000, 0.00000000, 0.29166667;
  (2, 3) : 0.13504823, 0.04180064, 0.40836013, 0.19935691, 0.02893891, 0.18649518;
  (3, 3) : 0.23176661, 0.02917342, 0.33225284, 0.24473258, 0.05672609, 0.10534846;
  (4, 3) : 0.20000000, 0.00000000, 0.06666667, 0.50000000, 0.16666667, 0.06666667;
  (5, 3) : 0.04672897, 0.14018692, 0.28037383, 0.18691589, 0.01869159, 0.32710280;
  (0, 4) : 0.42237443, 0.00456621, 0.03652968, 0.11872146, 0.40867580, 0.00913242;
  (1, 4) : 0.1666667, 0.1666667, 0.1666667, 0.1666667, 0.1666667, 0.1666667;
  (2, 4) : 0.0, 0.0, 1.0, 0.0, 0.0, 0.0;
  (3, 4) : 0.38709677, 0.00000000, 0.19354839, 0.19354839, 0.19354839, 0.03225806;
  (4, 4) : 0.2018779343, 0.0007824726, 0.0031298905, 0.0320813772, 0.7621283255, 0.0000000000;
  (5, 4) : 0.0, 0.0, 0.0, 1.0, 0.0, 0.0;
  (0, 5) : 0.32608696, 0.23913043, 0.17391304, 0.08695652, 0.06521739, 0.10869565;
  (1, 5) : 0.03389831, 0.42184557, 0.24670433, 0.04331450, 0.01318267, 0.24105461;
  (2, 5) : 0.07835325, 0.12350598, 0.27490040, 0.20053121, 0.01195219, 0.31075697;
  (3, 5) : 0.07323232, 0.12373737, 0.27525253, 0.19191919, 0.04797980, 0.28787879;
  (4, 5) : 0.0, 0.5, 0.0, 0.5, 0.0, 0.0;
  (5, 5) : 0.06077348, 0.24530387, 0.26740331, 0.09723757, 0.01546961, 0.31381215;
}
probability ( home_def ) {
   0.1805369, 0.2095970, 0.1604244, 0.1701639, 0.1357986, 0.1434793;
}
probability ( home_mid | home_def ) {
  (0) : 0.547368421, 0.001315789, 0.071491228, 0.167543860, 0.192105263, 0.020175439;
  (1) : 0.002266717, 0.754816774, 0.033245183, 0.009066868, 0.000000000, 0.200604458;
  (2) : 0.0468904245, 0.0705824284, 0.3568608095, 0.1535044423, 0.0004935834, 0.3716683119;
  (3) : 0.21498371, 0.01628664, 0.28292229, 0.28711028, 0.01442531, 0.18427175;
  (4) : 0.228571429, 0.000000000, 0.007580175, 0.017492711, 0.745189504, 0.001166181;
  (5) : 0.0182119205, 0.2246136865, 0.1981236203, 0.0590507726, 0.0005518764, 0.4994481236;
}
probability ( home_atk | home_def, home_mid ) {
  (0, 0) : 0.410256410, 0.000000000, 0.072115385, 0.242788462, 0.267628205, 0.007211538;
  (1, 0) : 0.0000000, 0.5000000, 0.0000000, 0.3333333, 0.1666667, 0.0000000;
  (2, 0) : 0.12631579, 0.01052632, 0.31578947, 0.36842105, 0.05263158, 0.12631579;
  (3, 0) : 0.24675325, 0.00000000, 0.17748918, 0.44372294, 0.09307359, 0.03896104;
  (4, 0) : 0.303571429, 0.000000000, 0.028061224, 0.114795918, 0.545918367, 0.007653061;
  (5, 0) : 0.03030303, 0.03030303, 0.24242424, 0.18181818, 0.09090909, 0.42424242;
  (0, 1) : 0.0000000, 0.0000000, 0.3333333, 0.6666667, 0.0000000, 0.0000000;
  (1, 1) : 0.003003003, 0.780280280, 0.046546547, 0.007507508, 0.003003003, 0.159659660;
  (2, 1) : 0.02097902, 0.29370629, 0.17482517, 0.04195804, 0.00000000, 0.46853147;
  (3, 1) : 0.00000000, 0.31428571, 0.14285714, 0.08571429, 0.00000000, 0.45714286;
  (4, 1) : 0.1666667, 0.1666667, 0.1666667, 0.1666667, 0.1666667, 0.1666667;
  (5, 1) : 0.007371007, 0.454545455, 0.135135135, 0.039312039, 0.002457002, 0.361179361;
  (0, 2) : 0.184049080, 0.006134969, 0.245398773, 0.306748466, 0.171779141, 0.085889571;
  (1, 2) : 0.00000000, 0.26136364, 0.27272727, 0.06818182, 0.02272727, 0.37500000;
  (2, 2) : 0.04840941, 0.02351314, 0.36237898, 0.32503458, 0.02213001, 0.21853389;
  (3, 2) : 0.08223684, 0.01480263, 0.39473684, 0.27631579, 0.04440789, 0.18750000;
  (4, 2) : 0.23076923, 0.00000000, 0.15384615, 0.30769231, 0.23076923, 0.07692308;
  (5, 2) : 0.013927577, 0.083565460, 0.423398329, 0.139275766, 0.005571031, 0.334261838;
  (0, 3) : 0.282722513, 0.002617801, 0.149214660, 0.356020942, 0.180628272, 0.028795812;
  (1, 3) : 0.00000000, 0.08333333, 0.33333333, 0.00000000, 0.08333333, 0.50000000;
  (2, 3) : 0.06109325, 0.01286174, 0.37942122, 0.33118971, 0.01286174, 0.20257235;
  (3, 3) : 0.18638574, 0.01296596, 0.27228525, 0.39708266, 0.04538088, 0.08589951;
  (4, 3) : 0.06666667, 0.00000000, 0.16666667, 0.33333333, 0.33333333, 0.10000000;
  (5, 3) : 0.02803738, 0.04672897, 0.34579439, 0.17757009, 0.03738318, 0.36448598;
  (0, 4) : 0.296803653, 0.000000000, 0.027397260, 0.155251142, 0.518264840, 0.002283105;
  (1, 4) : 0.1666667, 0.1666667, 0.1666667, 0.1666667, 0.1666667, 0.1666667;
  (2, 4) : 0.0, 0.0, 0.0, 1.0, 0.0, 0.0;
  (3, 4) : 0.22580645, 0.00000000, 0.22580645, 0.35483871, 0.12903226, 0.06451613;
  (4, 4) : 0.1596244131, 0.0000000000, 0.0109546166, 0.0344287950, 0.7942097027, 0.0007824726;
  (5, 4) : 0.0, 0.0, 0.0, 1.0, 0.0, 0.0;
  (0, 5) : 0.06521739, 0.02173913, 0.30434783, 0.28260870, 0.19565217, 0.13043478;
  (1, 5) : 0.007532957, 0.384180791, 0.205273070, 0.043314501, 0.011299435, 0.348399247;
  (2, 5) : 0.02656042, 0.07702523, 0.35192563, 0.17928287, 0.01593625, 0.34926959;
  (3, 5) : 0.04040404, 0.04545455, 0.43181818, 0.20454545, 0.02272727, 0.25505051;
  (4, 5) : 0.0, 0.0, 0.5, 0.0, 0.0, 0.5;
  (5, 5) : 0.018784530, 0.171270718, 0.335911602, 0.095027624, 0.006629834, 0.372375691;
}
probability ( away_gk | away_def, away_mid ) {
  (0, 0) : 0.417364813, 0.006092917, 0.101294745, 0.237623762, 0.207920792, 0.029702970;
  (1, 0) : 0.0000000, 0.0000000, 0.6666667, 0.0000000, 0.0000000, 0.3333333;
  (2, 0) : 0.12068966, 0.02586207, 0.34482759, 0.21551724, 0.10344828, 0.18965517;
  (3, 0) : 0.32454361, 0.01217039, 0.21906694, 0.29411765, 0.09127789, 0.05882353;
  (4, 0) : 0.311239193, 0.005763689, 0.040345821, 0.109510086, 0.515850144, 0.017291066;
  (5, 0) : 0.18750, 0.15625, 0.28125, 0.12500, 0.00000, 0.25000;
  (0, 1) : 0.0000000, 0.6666667, 0.3333333, 0.0000000, 0.0000000, 0.0000000;
  (1, 1) : 0.021417644, 0.682304946, 0.089750127, 0.045385008, 0.005099439, 0.156042835;
  (2, 1) : 0.04761905, 0.36507937, 0.12698413, 0.08730159, 0.02380952, 0.34920635;
  (3, 1) : 0.00000000, 0.47058824, 0.17647059, 0.02941176, 0.00000000, 0.32352941;
  (4, 1) : 0.1666667, 0.1666667, 0.1666667, 0.1666667, 0.1666667, 0.1666667;
  (5, 1) : 0.07368421, 0.37105263, 0.18947368, 0.09736842, 0.01315789, 0.25526316;
  (0, 2) : 0.26490066, 0.06622517, 0.34437086, 0.21854305, 0.03311258, 0.07284768;
  (1, 2) : 0.03260870, 0.22826087, 0.30434783, 0.04347826, 0.03260870, 0.35869565;
  (2, 2) : 0.13096862, 0.04911323, 0.33287858, 0.24829468, 0.02592087, 0.21282401;
  (3, 2) : 0.15870307, 0.04095563, 0.37883959, 0.21501706, 0.02730375, 0.17918089;
  (4, 2) : 0.23076923, 0.07692308, 0.38461538, 0.07692308, 0.23076923, 0.00000000;
  (5, 2) : 0.04736842, 0.13947368, 0.32894737, 0.15263158, 0.02631579, 0.30526316;
  (0, 3) : 0.38219895, 0.01047120, 0.21727749, 0.28010471, 0.07068063, 0.03926702;
  (1, 3) : 0.00, 0.35, 0.25, 0.15, 0.00, 0.25;
  (2, 3) : 0.15032680, 0.03267974, 0.41176471, 0.18300654, 0.02287582, 0.19934641;
  (3, 3) : 0.22067901, 0.02469136, 0.32561728, 0.25462963, 0.06790123, 0.10648148;
  (4, 3) : 0.17948718, 0.05128205, 0.12820513, 0.38461538, 0.17948718, 0.07692308;
  (5, 3) : 0.02803738, 0.13084112, 0.24299065, 0.18691589, 0.02803738, 0.38317757;
  (0, 4) : 0.452538631, 0.000000000, 0.028697572, 0.130242826, 0.379690949, 0.008830022;
  (1, 4) : 0.0, 0.0, 1.0, 0.0, 0.0, 0.0;
  (2, 4) : 0.0000000, 0.0000000, 0.3333333, 0.5000000, 0.0000000, 0.1666667;
  (3, 4) : 0.3043478, 0.0000000, 0.2173913, 0.2173913, 0.1304348, 0.1304348;
  (4, 4) : 0.2190839695, 0.0000000000, 0.0045801527, 0.0320610687, 0.7435114504, 0.0007633588;
  (5, 4) : 1.0, 0.0, 0.0, 0.0, 0.0, 0.0;
  (0, 5) : 0.24242424, 0.24242424, 0.21212121, 0.06060606, 0.03030303, 0.21212121;
  (1, 5) : 0.04587156, 0.39266055, 0.25137615, 0.04587156, 0.01467890, 0.24954128;
  (2, 5) : 0.07930108, 0.13978495, 0.23790323, 0.19086022, 0.01881720, 0.33333333;
  (3, 5) : 0.07843137, 0.13165266, 0.30252101, 0.19327731, 0.03081232, 0.26330532;
  (4, 5) : 0.6666667, 0.0000000, 0.0000000, 0.0000000, 0.3333333, 0.0000000;
  (5, 5) : 0.07394366, 0.24178404, 0.27347418, 0.09037559, 0.01525822, 0.30516432;
}
probability ( away_def ) {
   0.1875049, 0.2078549, 0.1608203, 0.1695304, 0.1355610, 0.1387283;
}
probability ( away_mid | away_def ) {
  (0) : 0.554476351, 0.001266892, 0.063766892, 0.161317568, 0.191300676, 0.027871622;
  (1) : 0.0022857143, 0.7470476190, 0.0350476190, 0.0076190476, 0.0003809524, 0.2076190476;
  (2) : 0.05711472, 0.06203840, 0.36090596, 0.15066470, 0.00295421, 0.36632201;
  (3) : 0.23026623, 0.01588043, 0.27370388, 0.30266231, 0.01074264, 0.16674451;
  (4) : 0.202686916, 0.000000000, 0.007593458, 0.022780374, 0.765186916, 0.001752336;
  (5) : 0.0182648402, 0.2168949772, 0.2168949772, 0.0610730594, 0.0005707763, 0.4863013699;
}
probability ( away_atk | away_def, away_mid ) {
  (0, 0) : 0.3891850724, 0.0007616146, 0.0784463062, 0.2635186596, 0.2604722011, 0.0076161462;
  (1, 0) : 0.0, 0.5, 0.5, 0.0, 0.0, 0.0;
  (2, 0) : 0.11206897, 0.01724138, 0.35344828, 0.35344828, 0.02586207, 0.13793103;
  (3, 0) : 0.261663286, 0.006085193, 0.192697769, 0.413793103, 0.085192698, 0.040567951;
  (4, 0) : 0.27377522, 0.00000000, 0.02881844, 0.13832853, 0.55907781, 0.00000000;
  (5, 0) : 0.03125, 0.09375, 0.18750, 0.28125, 0.12500, 0.28125;
  (0, 1) : 0.0000000, 0.0000000, 0.0000000, 0.3333333, 0.0000000, 0.6666667;
  (1, 1) : 0.002549720, 0.775624681, 0.042835288, 0.011728710, 0.003059663, 0.164201938;
  (2, 1) : 0.007936508, 0.349206349, 0.214285714, 0.039682540, 0.000000000, 0.388888889;
  (3, 1) : 0.02941176, 0.38235294, 0.17647059, 0.08823529, 0.00000000, 0.32352941;
  (4, 1) : 0.1666667, 0.1666667, 0.1666667, 0.1666667, 0.1666667, 0.1666667;
  (5, 1) : 0.002631579, 0.478947368, 0.155263158, 0.010526316, 0.005263158, 0.347368421;
  (0, 2) : 0.198675497, 0.006622517, 0.271523179, 0.337748344, 0.099337748, 0.086092715;
  (1, 2) : 0.01086957, 0.22826087, 0.29347826, 0.05434783, 0.00000000, 0.41304348;
  (2, 2) : 0.06002729, 0.03137790, 0.36152797, 0.30422920, 0.02455662, 0.21828104;
  (3, 2) : 0.07849829, 0.01706485, 0.39590444, 0.30546075, 0.03583618, 0.16723549;
  (4, 2) : 0.38461538, 0.00000000, 0.23076923, 0.23076923, 0.07692308, 0.07692308;
  (5, 2) : 0.01578947, 0.08684211, 0.41842105, 0.17368421, 0.01315789, 0.29210526;
  (0, 3) : 0.261780105, 0.002617801, 0.170157068, 0.397905759, 0.138743455, 0.028795812;
  (1, 3) : 0.10, 0.15, 0.35, 0.05, 0.05, 0.30;
  (2, 3) : 0.114379085, 0.009803922, 0.424836601, 0.287581699, 0.009803922, 0.153594771;
  (3, 3) : 0.19753086, 0.01234568, 0.26697531, 0.39043210, 0.04166667, 0.09104938;
  (4, 3) : 0.3076923, 0.0000000, 0.1794872, 0.2051282, 0.3076923, 0.0000000;
  (5, 3) : 0.04672897, 0.02803738, 0.38317757, 0.16822430, 0.02803738, 0.34579439;
  (0, 4) : 0.306843267, 0.000000000, 0.024282561, 0.154525386, 0.512141280, 0.002207506;
  (1, 4) : 0.0, 0.0, 0.0, 0.0, 0.0, 1.0;
  (2, 4) : 0.1666667, 0.0000000, 0.1666667, 0.5000000, 0.1666667, 0.0000000;
  (3, 4) : 0.04347826, 0.00000000, 0.17391304, 0.60869565, 0.13043478, 0.04347826;
  (4, 4) : 0.1549618321, 0.0000000000, 0.0099236641, 0.0404580153, 0.7938931298, 0.0007633588;
  (5, 4) : 0.0, 0.0, 0.0, 0.0, 0.0, 1.0;
  (0, 5) : 0.15151515, 0.01515152, 0.31818182, 0.16666667, 0.10606061, 0.24242424;
  (1, 5) : 0.009174312, 0.370642202, 0.211009174, 0.058715596, 0.007339450, 0.343119266;
  (2, 5) : 0.036290323, 0.075268817, 0.379032258, 0.162634409, 0.008064516, 0.338709677;
  (3, 5) : 0.050420168, 0.067226891, 0.392156863, 0.243697479, 0.005602241, 0.240896359;
  (4, 5) : 0.6666667, 0.0000000, 0.0000000, 0.3333333, 0.0000000, 0.0000000;
  (5, 5) : 0.014084507, 0.172535211, 0.325117371, 0.100938967, 0.009389671, 0.377934272;
}
